Vertices: 5, Edges: 20, (random) Source: 2
Edge list (from to weight):
2 1 20.00
3 0 18.00
0 1 3.00
1 3 17.00
0 2 12.00
4 1 16.00
4 3 18.00
1 4 9.00
3 4 8.00
0 3 0.00
1 2 15.00
2 3 11.00
4 0 19.00
4 2 13.00
2 0 20.00
0 4 6.00
3 1 1.00
3 2 18.00
1 0 13.00
2 4 14.00

Vertices: 14, Edges: 17, (random) Source: 10
Edge list (from to weight):
10 0 1.00
8 11 2.00
8 5 5.00
0 6 2.00
12 3 11.00
3 10 16.00
6 12 3.00
3 0 10.00
9 2 6.00
8 7 8.00
12 6 6.00
1 0 18.00
6 13 3.00
13 7 0.00
0 11 8.00
0 9 6.00
12 0 16.00

Vertices: 6, Edges: 19, (random) Source: 4
Edge list (from to weight):
1 2 -7.00
4 2 -2.00
3 4 19.00
5 0 5.00
4 5 9.00
4 3 18.00
3 0 -4.00
5 1 4.00
5 3 2.00
4 1 -5.00
3 5 -3.00
5 4 -5.00
3 1 -8.00
1 4 9.00
1 5 18.00
4 0 -10.00
0 5 -4.00
3 2 -1.00
2 5 20.00

Vertices: 12, Edges: 15, (random) Source: 4
Edge list (from to weight):
3 9 9.00
2 10 15.00
11 6 10.00
6 0 -4.00
9 11 -4.00
1 10 4.00
9 4 16.00
7 10 13.00
5 1 4.00
9 10 -5.00
7 2 18.00
1 4 10.00
5 8 14.00
11 9 15.00
7 6 -3.00

Vertices: 5, Edges: 10, (random) Source: 2
Edge list (from to weight):
2 1 19.00
3 2 -9.00
2 0 15.00
4 3 18.00
3 1 -4.00
1 2 -10.00
4 0 -1.00
3 4 -5.00
0 2 9.00
2 4 11.00

Vertices: 7, Edges: 14, (random) Source: 4
Edge list (from to weight):
6 4 -2.00
0 5 17.00
6 2 20.00
3 4 18.00
6 1 0.00
4 3 10.00
5 2 8.00
5 1 16.00
0 1 8.00
2 1 -9.00
1 0 -3.00
0 2 5.00
3 0 14.00
1 5 -5.00

Vertices: 9, Edges: 61, (random) Source: 5
Edge list (from to weight):
2 8 4.00
6 0 20.00
1 0 3.00
0 5 3.00
5 3 0.00
4 3 9.00
7 4 7.00
4 2 -4.00
1 8 13.00
7 6 10.00
7 8 -8.00
3 8 7.00
6 4 8.00
5 0 14.00
3 6 -5.00
0 4 4.00
4 8 -8.00
3 0 -6.00
8 2 4.00
3 1 14.00
2 7 4.00
2 0 0.00
1 3 -7.00
8 5 16.00
0 6 -4.00
4 5 1.00
6 3 14.00
6 5 9.00
1 2 0.00
7 2 13.00
5 4 -7.00
8 1 16.00
2 6 0.00
3 5 8.00
4 0 3.00
1 4 11.00
4 6 13.00
0 3 -1.00
2 3 3.00
5 1 1.00
8 3 19.00
2 4 -9.00
3 4 -7.00
1 5 0.00
6 2 -10.00
6 1 11.00
5 8 12.00
4 1 15.00
5 7 11.00
8 0 -6.00
2 1 12.00
3 7 13.00
6 7 -3.00
2 5 19.00
0 7 1.00
4 7 2.00
6 8 7.00
7 0 12.00
1 6 8.00
0 1 16.00
8 6 -9.00

Vertices: 19, Edges: 37, (random) Source: 1
Edge list (from to weight):
13 15 -3.00
11 13 -8.00
12 7 20.00
0 9 19.00
11 10 -10.00
3 6 -8.00
1 4 16.00
12 6 -7.00
3 15 9.00
9 7 3.00
1 16 2.00
4 3 -2.00
9 11 12.00
10 0 3.00
10 6 -8.00
2 0 -3.00
18 0 -5.00
14 18 -4.00
2 15 -7.00
5 12 -2.00
0 18 0.00
7 12 -3.00
9 15 4.00
10 2 7.00
9 5 7.00
14 1 -8.00
4 10 -9.00
4 2 15.00
9 12 5.00
5 15 19.00
7 2 -6.00
7 16 -2.00
1 7 -1.00
4 8 9.00
1 17 4.00
15 10 20.00
9 13 -6.00

Vertices: 9, Edges: 67, (random) Source: 3
Edge list (from to weight):
5 3 5.00
1 2 18.00
3 0 -7.00
4 1 -8.00
8 5 0.00
1 4 17.00
2 8 -3.00
7 6 -10.00
8 6 16.00
5 2 -9.00
5 7 -4.00
7 2 19.00
0 8 -7.00
3 5 -7.00
3 2 13.00
5 4 -10.00
4 0 15.00
0 4 -2.00
0 3 -8.00
6 1 19.00
5 1 18.00
7 8 3.00
1 6 3.00
3 1 1.00
1 0 -6.00
5 8 11.00
6 7 12.00
3 6 19.00
7 5 11.00
5 6 4.00
2 3 -9.00
1 3 9.00
4 3 -1.00
0 6 -3.00
8 3 -1.00
4 6 -4.00
1 8 10.00
8 4 -4.00
5 0 14.00
7 4 6.00
4 2 -2.00
2 5 8.00
6 5 0.00
3 4 20.00
0 2 20.00
0 1 14.00
2 1 11.00
2 7 11.00
4 5 17.00
2 4 3.00
7 1 -1.00
3 8 4.00
8 1 11.00
3 7 -10.00
6 8 -8.00
2 6 1.00
6 4 8.00
4 7 -10.00
7 3 -6.00
8 2 15.00
6 0 -9.00
8 0 18.00
1 7 -3.00
6 2 14.00
2 0 -10.00
4 8 8.00
7 0 14.00

Vertices: 17, Edges: 66, (random) Source: 7
Edge list (from to weight):
13 16 -6.00
1 0 5.00
16 11 18.00
16 4 18.00
15 12 8.00
2 5 2.00
6 10 7.00
5 1 5.00
5 7 6.00
9 0 20.00
8 0 -3.00
10 6 17.00
6 14 6.00
12 13 17.00
10 14 0.00
8 1 -4.00
12 10 1.00
8 9 19.00
0 3 -9.00
12 15 11.00
1 8 13.00
5 10 5.00
11 2 -1.00
1 13 -3.00
14 6 -2.00
5 13 -7.00
0 6 -2.00
13 8 8.00
14 7 15.00
6 5 7.00
3 13 12.00
0 15 -9.00
3 15 4.00
0 7 10.00
13 7 -5.00
1 10 -9.00
12 2 9.00
9 1 7.00
10 15 4.00
8 7 -3.00
10 0 0.00
16 14 3.00
14 5 -2.00
12 6 -9.00
3 5 20.00
0 16 0.00
7 11 -1.00
9 13 -6.00
13 2 8.00
7 4 -2.00
11 16 18.00
16 6 17.00
9 6 19.00
10 7 -9.00
9 4 -9.00
15 1 1.00
11 7 6.00
2 3 -8.00
2 0 3.00
6 16 -1.00
14 11 -6.00
12 8 12.00
3 4 -9.00
7 1 -10.00
7 9 11.00
15 10 1.00