0.623423, -0.191083, -0.0952558
-0.528257, -0.0557017, 0.301986
0.685293, -0.147871, -0.167929
-0.630912, 0.00685064, 0.286061
0.735661, -0.125745, -0.213821
-0.703938, 0.0434821, 0.282732
0.45593, -0.0367663, -0.174373
-0.469526, 0.0720222, 0.144839
0.471791, -0.0778977, -0.139917
-0.453664, 0.0308909, 0.179294
0.501248, -0.154283, -0.0759294
-0.424208, -0.0454948, 0.243282
0.407484, -0.165699, -0.0207732
-0.312317, -0.0810857, 0.227503
0.294545, -0.101938, -0.0331509
-0.240164, -0.0390824, 0.151283
0.221518, -0.0653066, -0.0364806
-0.189796, -0.0169561, 0.105391
0.173071, -0.194239, 0.117119
-0.0325862, -0.170064, 0.188055
0.255334, -0.203909, 0.0887449
-0.114849, -0.160394, 0.21643
0.389011, -0.219623, 0.0426363
-0.248527, -0.14468, 0.262538
0.455067, -0.289092, 0.0825925
-0.264734, -0.204479, 0.330869
0.380648, -0.32522, 0.153891
-0.15406, -0.262365, 0.338325
0.332546, -0.353223, 0.204705
-0.0787679, -0.304872, 0.346577
0.612276, -0.4422, 0.165257
-0.31318, -0.333412, 0.484469
0.594149, -0.395194, 0.12588
-0.331307, -0.286405, 0.445091
0.566958, -0.324683, 0.0668136
-0.358497, -0.215895, 0.386025
0.671007, -0.314476, 0.00810995
-0.480673, -0.179095, 0.405352
0.771397, -0.371153, 0.0191128
-0.544809, -0.216432, 0.473103
0.846689, -0.413661, 0.027365
-0.592911, -0.244434, 0.523917
0.892871, -0.278853, -0.131157
-0.752386, -0.0854507, 0.436331
0.810608, -0.269183, -0.102782
-0.670123, -0.0951208, 0.407957
0.687214, -0.254677, -0.0602207
-0.546729, -0.109626, 0.365395
0.697496, -0.255886, -0.0637673
-0.557011, -0.108417, 0.368942
0.683555, -0.321561, 0.00948587
-0.488689, -0.183762, 0.413821
0.57149, -0.336435, 0.076658
-0.353966, -0.227646, 0.39587
0.44705, -0.29376, 0.0910621
-0.252184, -0.211564, 0.332245
0.368444, -0.217206, 0.0497303
-0.22796, -0.147098, 0.255444
0.394935, -0.158615, -0.022148
-0.304299, -0.076419, 0.219034
0.53297, -0.236546, -0.00701848
-0.392485, -0.127757, 0.312193
0.496716, -0.142532, -0.0857731
-0.428739, -0.0337439, 0.233439
0.63144, -0.186416, -0.103724
-0.540804, -0.0486176, 0.300611
0.124623, -0.323172, 0.270719
0.101964, -0.264413, 0.221497
-0.197132, 0.511199, -0.428228
-0.0929009, 0.240909, -0.201808
-0.0543811, 0.14102, -0.118132
-0.224322, 0.581709, -0.487294
0.117826, -0.305544, 0.255952
0.165409, -0.428937, 0.359318
0.260576, -0.675723, 0.566049
0.163143, -0.423061, 0.354396
0.0203928, -0.0528823, 0.0442991
-0.111028, 0.287916, -0.241186
0.212973, 0.109593, -0.210349
-0.321735, 0.172448, -0.0259151
0.284425, 0.280697, -0.417513
-0.538203, 0.377398, -0.133769
0.261065, 0.468556, -0.597678
-0.664391, 0.577344, -0.278466
0.224985, 0.613035, -0.727826
-0.741605, 0.726659, -0.394427
0.157709, 0.660209, -0.744547
-0.706051, 0.761745, -0.446616
-0.0444626, 0.700804, -0.691925
-0.517475, 0.756407, -0.528771
-0.285501, 0.740357, -0.620192
0.535054, 0.0380746, -0.28722
-0.616626, 0.173456, 0.110022
0.821581, -0.0685309, -0.311901
-0.84424, 0.127289, 0.26268
1.13303, -0.23977, -0.282439
-1.04693, 0.0164874, 0.469482
1.25574, -0.456136, -0.119429
-1.00649, -0.190208, 0.660867
1.07622, -0.4743, -0.0175851
-0.795256, -0.254305, 0.627933
0.822293, -0.528592, 0.155557
-0.473348, -0.376288, 0.602455
0.641386, -0.619516, 0.332031
-0.201806, -0.520398, 0.622868
0.414118, -0.564753, 0.381903
0.00280375, -0.516403, 0.523775
0.225013, -0.379849, 0.281722
0.0604876, -0.360509, 0.338471
0.336031, -0.336804, 0.186392
-0.0958478, -0.286036, 0.335357
0.252895, -0.248499, 0.135216
-0.0761563, -0.209818, 0.248713
0.294545, -0.101938, -0.0331509
-0.240164, -0.0390824, 0.151283
0.498109, -0.0697723, -0.160402
-0.489045, 0.0462689, 0.180091
0.665947, -0.123159, -0.184071
-0.629693, 0.0291453, 0.262826
0.877009, -0.237721, -0.165612
-0.768247, -0.0443193, 0.401876
0.929297, -0.322401, -0.103796
-0.757091, -0.124164, 0.47788
0.900541, -0.375115, -0.0368397
-0.683017, -0.188966, 0.509367
0.692447, -0.39553, 0.0805668
-0.438668, -0.262566, 0.470715
0.465004, -0.391231, 0.181832
-0.193099, -0.313871, 0.408827
-0.222056, 0.575833, -0.482372
-0.0645009, 0.523655, -0.502494
-0.352421, 0.557501, -0.403184
-0.0882057, 0.610585, -0.579874
-0.396693, 0.646848, -0.473469
-0.173781, 0.654301, -0.584578
-0.338307, 0.673641, -0.52783
-0.25831, 0.669847, -0.561126
-0.0566468, 0.146896, -0.123054
-0.0407858, 0.105765, -0.0885989
0.0906246, 0.0959277, -0.13963
-0.176728, 0.127355, -0.0474132
0.0988153, 0.151059, -0.199491
-0.230236, 0.189739, -0.0859936
0.0292747, 0.20411, -0.221135
-0.196949, 0.230703, -0.143105
0.510831, -0.0263919, -0.21042
-0.538021, 0.0969021, 0.151354
0.828207, -0.136624, -0.245742
-0.796485, 0.054361, 0.314653
1.01522, -0.265187, -0.201876
-0.897392, -0.0403572, 0.457828
1.08563, -0.396873, -0.100683
-0.868109, -0.167208, 0.57321
1.02498, -0.417791, -0.0512442
-0.7848, -0.205048, 0.572993
0.734451, -0.479, 0.14593
-0.417228, -0.343619, 0.543172
0.597116, -0.53017, 0.261745
-0.225512, -0.433469, 0.545489
0.446359, -0.49562, 0.296634
-0.0883497, -0.432765, 0.481068
0.2583, -0.338886, 0.224611
-0.00905297, -0.307458, 0.316827
0.135069, 0.0570455, -0.120737
-0.193982, 0.0957259, -0.00723898
0.148483, 0.302286, -0.376327
-0.406793, 0.36756, -0.184799
0.125122, 0.490146, -0.556492
-0.53298, 0.567507, -0.329497
0.1117, 0.575866, -0.637418
-0.587534, 0.658062, -0.396235
0.043378, 0.651211, -0.682297
-0.573593, 0.723737, -0.469489
-0.0537004, 0.673842, -0.66022
-0.485579, 0.72461, -0.511255
-0.274171, 0.710977, -0.595581
0.0135953, -0.0352551, 0.029533
0.0611789, -0.158648, 0.132899
0.570098, -0.409194, 0.151286
-0.293661, -0.307658, 0.449217
0.256725, -0.131149, 0.0141163
-0.175153, -0.0803813, 0.163082
0.235987, -0.179197, 0.0726033
-0.113629, -0.138099, 0.193194
-0.0451538, 0.498943, -0.486353
-0.353641, 0.535206, -0.379948
-0.0263264, 0.322835, -0.316031
-0.231983, 0.347011, -0.245095
-0.129155, 0.334923, -0.280563
-0.0951669, 0.246786, -0.206731
0.0440883, 0.19115, -0.214838
-0.2027, 0.22016, -0.129714
0.109098, 0.14985, -0.203038
-0.240518, 0.190948, -0.082447
0.10544, 0.0829664, -0.133332
-0.18248, 0.116812, -0.0340212
0.0151596, 0.0879699, -0.0964884
-0.0876677, 0.100057, -0.0610208
-0.0589128, 0.152772, -0.127976
0.0186453, 0.104389, -0.114802
-0.104749, 0.118894, -0.0722406
0.0780767, 0.103012, -0.141005
-0.168712, 0.132022, -0.0558816
0.0782496, 0.153477, -0.192398
-0.20967, 0.187322, -0.0930872
0.0303204, 0.17594, -0.192977
-0.175337, 0.200115, -0.122041
-0.0838373, 0.217406, -0.18212
0.248698, 0.195145, -0.313931
-0.429969, 0.274923, -0.0798423
0.145697, 0.156768, -0.22707
-0.286182, 0.207536, -0.0781047
0.145871, 0.207232, -0.278463
-0.327141, 0.262836, -0.11531
0.235977, 0.151764, -0.263913
-0.380994, 0.22429, -0.0511052
-0.253778, 0.658095, -0.551282
-0.189816, 0.644967, -0.567641
-0.31321, 0.659472, -0.525079
-0.114523, 0.602459, -0.559388
-0.361311, 0.631469, -0.474265
-0.0918643, 0.543701, -0.510167
-0.338653, 0.572711, -0.425044
-0.226588, 0.587585, -0.492216
-0.0941301, 0.549576, -0.515089
-0.340919, 0.578587, -0.429966
-0.112257, 0.596583, -0.554466
-0.359046, 0.625593, -0.469343
-0.185283, 0.633215, -0.557796
-0.308678, 0.64772, -0.515235
-0.249247, 0.646343, -0.541438
0.289667, -0.191117, 0.0597909
-0.162778, -0.137931, 0.21585
0.292106, -0.146527, 0.01332
-0.201471, -0.0885067, 0.183566
0.566787, -0.375149, 0.118207
-0.31754, -0.271195, 0.423232
0.482258, -0.359603, 0.141658
-0.237543, -0.274989, 0.389935
0.670834, -0.364942, 0.0595033
-0.439714, -0.234396, 0.442558
0.84233, -0.351444, -0.0338727
-0.638401, -0.177382, 0.476867
0.855052, -0.308063, -0.0838906
-0.687377, -0.126749, 0.44813
0.817578, -0.236344, -0.13941
-0.704284, -0.0574474, 0.385517
0.65671, -0.15012, -0.152367
-0.597797, -0.0026512, 0.280342
0.511704, -0.105027, -0.130869
-0.47545, 0.0110138, 0.209624
0.329924, -0.117316, -0.0339467
-0.26648, -0.0472078, 0.171767
0.32261, -0.251084, 0.105466
-0.150403, -0.195481, 0.268619
0.3864, -0.314677, 0.1405
-0.168876, -0.249404, 0.332028
0.412716, -0.306552, 0.120015
-0.204255, -0.234026, 0.332823
0.343174, -0.253501, 0.0983724
-0.170967, -0.193063, 0.275712
0.355023, -0.131485, -0.0311965
-0.282515, -0.0565419, 0.188706
0.518502, -0.122655, -0.116102
-0.468652, -0.0066141, 0.224391
0.640677, -0.159455, -0.135429
-0.572701, -0.016821, 0.283094
0.780979, -0.243262, -0.115377
-0.658621, -0.0740349, 0.381175
0.811655, -0.297353, -0.0746252
-0.648512, -0.125708, 0.429021
0.796667, -0.334858, -0.0295292
-0.601801, -0.170466, 0.452836
0.658284, -0.357857, 0.0581279
-0.431697, -0.229728, 0.434088
0.485743, -0.343184, 0.123346
-0.254623, -0.256153, 0.378715
0.559989, -0.357521, 0.10344
-0.324338, -0.253567, 0.408465
0.317203, -0.160697, 0.0160707
-0.217505, -0.0978408, 0.200504
0.322781, -0.200618, 0.0540726
-0.19136, -0.14018, 0.231412
0.277647, -0.363598, 0.240753
-0.010273, -0.329753, 0.340063
0.44967, -0.529666, 0.329714
-0.0644711, -0.469228, 0.507053
0.641561, -0.569052, 0.280638
-0.242766, -0.465098, 0.585663
0.798414, -0.492129, 0.129572
-0.476659, -0.342242, 0.569375
1.02603, -0.445962, -0.0230865
-0.763188, -0.235637, 0.594057
1.16668, -0.428838, -0.105821
-0.931025, -0.18225, 0.617726
1.06559, -0.24306, -0.247768
-0.97042, -0.00372485, 0.454499
0.791779, -0.0930747, -0.273103
-0.791779, 0.0930747, 0.273103
0.548649, 0.00281946, -0.257687
-0.60303, 0.138201, 0.139555
0.260576, -0.675723, 0.566049
0.285501, -0.740357, 0.620192
-0.0566468, 0.146896, -0.123054
-0.133687, 0.346675, -0.290408
-0.283235, 0.734481, -0.61527
-0.233386, 0.605213, -0.506983
-0.165409, 0.428937, -0.359318
-0.140484, 0.364303, -0.305174
1.18881, -0.308031, -0.238936
-1.05285, -0.0445204, 0.534266
1.22401, -0.373873, -0.18834
-1.03821, -0.107946, 0.591956
1.09504, -0.319446, -0.18378
-0.940963, -0.0801113, 0.518487
0.733578, -0.400365, 0.0663796
-0.4798, -0.25773, 0.484903
0.952993, -0.0783686, -0.362932
-0.980183, 0.148879, 0.303866
0.745243, 0.0021476, -0.348311
-0.817751, 0.18588, 0.190802
0.840928, -0.0932431, -0.29576
-0.84546, 0.104994, 0.285916
0.458025, -0.0931082, -0.118057
-0.426302, 0.0108456, 0.186968
0.206521, 0.22815, -0.327901
-0.41045, 0.300676, -0.115093
0.116415, 0.283618, -0.342451
-0.356598, 0.339221, -0.179298
0.17427, 0.489978, -0.579148
-0.58666, 0.579427, -0.316686
0.184035, 0.337374, -0.428516
-0.474068, 0.414735, -0.201521
0.166772, 0.636706, -0.724858
-0.696988, 0.738242, -0.426927
-0.0346987, 0.548199, -0.541292
-0.404881, 0.591715, -0.413607
0.00818018, 0.386093, -0.396378
-0.320871, 0.424773, -0.28288
-0.0582319, 0.685593, -0.670064
-0.49011, 0.736361, -0.521099
0.206348, 0.177685, -0.276508
-0.369492, 0.245376, -0.0778874
0.211927, 0.137763, -0.238506
-0.343348, 0.203036, -0.0469785
0.217505, 0.0978408, -0.200504
-0.317203, 0.160697, -0.0160707
0.164344, 0.261156, -0.341872
-0.390932, 0.326429, -0.150344
0.300113, 0.189101, -0.331665
-0.481384, 0.280967, -0.062108
0.409394, 0.0584559, -0.249581
-0.495497, 0.164827, 0.0625378
0.847918, -0.722328, 0.340646
-0.344893, -0.582111, 0.752075
0.866045, -0.769335, 0.380023
-0.326766, -0.629118, 0.791452
0.843386, -0.710575, 0.330801
-0.349425, -0.570359, 0.74223
0.758503, -0.464999, 0.120524
-0.454875, -0.322365, 0.539047
1.07413, -0.417959, -0.0738999
-0.838479, -0.193129, 0.585805
0.964332, -0.438709, -0.00180527
-0.70149, -0.24289, 0.572776
1.04712, -0.627945, 0.152157
-0.639265, -0.429708, 0.733832
1.21199, -0.546355, -0.00737804
-0.885708, -0.299767, 0.716169
1.22786, -0.587486, 0.0270774
-0.869846, -0.340899, 0.750625
1.06072, -0.6632, 0.18169
-0.62567, -0.464963, 0.763365
1.04033, -0.610318, 0.137391
-0.646062, -0.412081, 0.719066
1.2052, -0.528727, -0.0221448
-0.892506, -0.282139, 0.701403
0.907513, -0.342278, -0.0734667
-0.717179, -0.151293, 0.486928
0.644335, -0.0925712, -0.205135
-0.630739, 0.0573154, 0.234668
1.17487, -0.373706, -0.165683
-0.984532, -0.119866, 0.579145
0.484859, 0.066413, -0.292721
-0.584558, 0.192124, 0.0761461
0.508911, 0.0804138, -0.318128
-0.622204, 0.213378, 0.0720205
1.29007, -0.443343, -0.148383
-1.05442, -0.167745, 0.660288
0.977217, -0.0139023, -0.439732
-1.05879, 0.225433, 0.262535
1.33816, -0.0843797, -0.535712
-1.39707, 0.237151, 0.407737
1.70225, -0.239368, -0.54722
-1.67053, 0.157106, 0.616131
1.87183, -0.450025, -0.411788
-1.68603, -0.0317935, 0.815405
1.77197, -0.572914, -0.240454
-1.47741, -0.190945, 0.880335
1.48527, -0.516774, -0.16438
-1.20884, -0.200078, 0.764883
1.45686, -0.468559, -0.20021
-1.21668, -0.15428, 0.721958
1.68988, -0.51278, -0.263473
-1.4361, -0.145316, 0.814755
1.74966, -0.413226, -0.392462
-1.58198, -0.0215864, 0.756701
1.6165, -0.246117, -0.500533
-1.57118, 0.1286, 0.598976
1.34601, -0.130178, -0.492788
-1.36867, 0.188936, 0.443567
1.06959, -0.0752466, -0.42026
-1.11038, 0.181011, 0.331662
1.31761, -0.412923, -0.192103
-1.10915, -0.127655, 0.644942
1.33259, -0.375419, -0.237198
-1.15586, -0.0828982, 0.621127
1.15516, -0.118962, -0.415555
-1.16876, 0.154218, 0.386021
1.36762, -0.160765, -0.471724
-1.36762, 0.160765, 0.471724
1.59018, -0.254242, -0.480048
-1.5358, 0.113222, 0.59818
1.6972, -0.379012, -0.402885
-1.55218, 0.00295739, 0.717904
1.64666, -0.451604, -0.305601
-1.4382, -0.0889746, 0.75844
1.44675, -0.416885, -0.248056
-1.24736, -0.100189, 0.681206
1.19439, -0.347952, -0.200935
-1.02671, -0.0868596, 0.565174
1.15012, -0.258606, -0.27122
-1.05042, 6.90335e-005, 0.487796
1.02463, -0.18776, -0.284974
-0.970246, 0.0467398, 0.403105
1.10462, -0.191555, -0.31827
-1.05477, 0.0622853, 0.426558
1.11508, -0.142298, -0.37321
-1.10602, 0.118795, 0.392899
1.06489, -0.11396, -0.378712
-1.07395, 0.137463, 0.359023
0.956305, -0.112415, -0.329852
-0.956305, 0.112415, 0.329852
0.939225, -0.0935783, -0.341072
-0.95282, 0.128834, 0.311539
0.957352, -0.140585, -0.301695
-0.934693, 0.0818273, 0.350916
1.10776, -0.276066, -0.233797
-0.989938, -0.0294782, 0.48975
1.24249, -0.319951, -0.251748
-1.102, -0.0443527, 0.556923
1.24022, -0.314074, -0.25667
-1.10427, -0.0384765, 0.552
1.06489, -0.11396, -0.378712
-1.07395, 0.137463, 0.359023
1.12536, -0.143507, -0.376757
-1.1163, 0.120003, 0.396445
1.11264, -0.186887, -0.326739
-1.06732, 0.0693704, 0.425183
1.03491, -0.188969, -0.288521
-0.980529, 0.0479486, 0.406652
1.1604, -0.259815, -0.274767
-1.0607, 0.00127773, 0.491342
1.46279, -0.407551, -0.264993
-1.27245, -0.0860203, 0.678455
1.66269, -0.442269, -0.322539
-1.46329, -0.0748054, 0.755689
1.72578, -0.376762, -0.418447
-1.5853, 0.0124591, 0.723622
1.61877, -0.251993, -0.49561
-1.56892, 0.122724, 0.603898
1.3779, -0.161974, -0.475271
-1.3779, 0.161974, 0.475271
1.15743, -0.124838, -0.410633
-1.16649, 0.148342, 0.390944
1.33835, -0.364875, -0.25059
-1.17067, -0.069937, 0.614829
1.20397, -0.220061, -0.335425
-1.14052, 0.0555371, 0.473246
1.25207, -0.192058, -0.386239
-1.21582, 0.0980448, 0.464993
1.35246, -0.248735, -0.375236
-1.27995, 0.0607081, 0.532745
1.31464, -0.277947, -0.327969
-1.21494, 0.0194092, 0.544544
1.40475, -0.333415, -0.313419
-1.26879, -0.0191363, 0.608749
1.44257, -0.304203, -0.360686
-1.3338, 0.0221627, 0.59695
1.52134, -0.330293, -0.370747
-1.39899, 0.012996, 0.636544
1.50862, -0.373673, -0.32073
-1.35001, -0.037637, 0.665282
1.47394, -0.487396, -0.18899
-1.22017, -0.1707, 0.740272
1.78121, -0.545953, -0.272158
-1.5093, -0.159149, 0.862818
1.8856, -0.434816, -0.433648
-1.7134, -0.0117487, 0.807733
1.74338, -0.244204, -0.561407
-1.71166, 0.161941, 0.630318
1.34269, -0.0961307, -0.525868
-1.39254, 0.2254, 0.41758
1.00231, -0.0280714, -0.436981
-1.07482, 0.216099, 0.279472
1.24214, -0.42088, -0.148962
-1.02009, -0.154952, 0.631334